88895487529773194564487721385889792017342130632601481341923540773922212
256581359116839916469
98685347669537672797
95200663628224023298493960919738717433791729189340263287765776856909413553
7516006856835815702334107529654450312511934644068649812306102479172123785230620471679859
475098369734318296343043603893961057070780999796985416185243416701103136079257
55729187182387596930405300268542963971872109297556557161
2903764853714808321937624530916
6732995640221821079503434290592114753292584859477714
129087199121860413
17461186104176133810464654698930198900371795976869940792678960892205222620835469979771012049945
95342016024398
8418273892647025273550269780340709669134394827384500900603293015304402359626589256528611
89371409538691367847858049585187711819791878788603781461083158909851145584066317496503120382
90033670787803601095213384363976126746874401181254857472339874363
162000334390935
786925810647
129087199121860413
2723464945857243926881389581167258637607129428599318382830650
95342016024398
291922955214015772124694226476584351635034777592862819481465089199639811359940919
90015713144178958714181195709320376529140717011
45135515785432722230897018121446898526
96472757755427882702548
2735230
8111382580
3431798096939055404736089741148
341023342579741454689009710953588662258061277863375119582241616640
61671377983980754236258
644125094991035996107569510798723471604576956336711566799563
662148233295234615900250887169558902996727100522805104206187327506636066593
688722370302905460493353048086
805841
36447363126014815480300150874562698418489906120514401
7328486952461649869985293759364109693113506101
378212104104321237202733118978346500312789588471012366771361709773734425711
1265242489194101528679286500516127804450515075974758918866298599432590086817086368835627478
3416914410999506182805660787142029102635972050176275312564740763718431867626969943
8957064358409468777404323555383411141149081146616
423569795387
424788730310635269926318811271295777090762493724168506231192007686271964
9315170015060180118401825144389066039615567592904325238083073164840065833880094693734121212119
27221553150408335374182813981
8971255048516511286569590916833236573962454486144822657894562095079417027080040845716431374511848
644125094991035996107569510798723471604576956336711566799563
84703758150568491813326
77575125309572164054855066229669334462042004979
6770315300832469003724088981170363825201043083403147
60331548508178994340775119256201517645532447409920981477243626844187234370973597020245928310
946279193476577353140483255786080
9957905517112148301194388007145
77004390943777789029564404598707905651996634916189259791180
4104656085907477506833343550821246663841055489365636833091260187566292
5398886740171055060343307632426878621720590629395236968500335323275584443068498844191075313263142
768839308802589672
49328784327661
59632268663895158764824766709448906290342461742564029580871811215386354810
53392551297174274515492979478576648514578270840466
2397185597477379167140048819602718476042838
61242886507102
3881059715264872104273471686369845126037521127123837204157128749055618551422867365871359792
4554267262033892346831318612629010720048859506648229437723
7783259410354399639148879686610953459360185092736004031540659361
4181218868496638639185383433436618722510287958421899255782661044927
8694790872669687128988840816016425226330562504143063518032544578734115112574108706234
487465914017092486498311381772929106251317515949773458496537934063754296041
95196890109394830872500971589131350175267929659025261475048938364872633359133929460037018104
8720190976040144037675424
589561
663180619271491101725176943591317397529810688775013162522147178
164703614192198653381939632794549582666870229553786941243449085229190888418
2123726652812056817457012651710143759285386550399073835373779731250942538105600091941
731718646082548120920401530868554132186791921248485974929184807946034603878055478
7091128251551760892017889711999128291683436404485952
39636966393888223822368181521453123350457771
579609919900181205773110524291296805257385888102982827536
848983604836127088071668026574998485312547653315977771297902375775272017644969393887864167743425746
666334778789422065258241746346055217938230061095056012814957834
1678351506857108206975
6908213018865078244382509890202132248452211361070626398311648000561368627237876264922870393289
792200201972849532740287099791902675890775393637
814044559497022547928371693
8857334539399661855437602751978592366617763803664568202221579698043695
58674659677810163279920338237342365389809862742872178440360107541003888738547301119
72171911136451416637345883118798757939912766933164415565988515515005068634416183358160917162039700
1600612855663154878733306015381647444980400214312841
51574161199135293571214740559429977615405690718695049264213223156
7306450657510831428810527066974797100570308660353653348019926007699507736721250700871
38058556538
59921715146537378128945077249965723532637151747835784061982005718938454118516992729783806211615
423569795387
3058189769097634877632150636412019851192785135131888295933713412135354895890870342236861908815169703
993107378252121213248405111975187290008449767671094576400073
4942653080009069586107384
7328486952461649869985293759364109693113506101
40595466454246957142251141913554722353733699031813353121
3820766555941706966871265209680722935200446855898550530993184621
4380199422395531696022001585408748256266957915853970298252805182738729733266126253374523565215
8314301899845
574911496640122258831110807606563530940765618057791760035914103755795527092211742891730505763766
666803917
9091541254868394033654996477694020041105833608717443481179977831707873534113862692161426
2076774304943508832595396256233039569438597577886963781
9984880330776140485064932049739038503007910098885373844355680196
816247109694301471600213368
9872620438610191292474022221450508838
53392551297174274515492979478576648514578270840466
1703331418855188216809155028083954292565112040589286747411069372598465263262890637192
764616023977
36447363126014815480300150874562698418489906120514401
881615860992854862212006142287761168422446313672435536029345628549879159140720444476539605
10434772943757020840018512412072714620900156576700863544022444915817292481
8689345046536847011247719740376114227509763962696025047655175010224382434064281034
447708940471094612803887781164734263326380524305155597184310727747642133
712462826179319997870209630801175680
96001024082386334560948250483561
5574904396
7926807197
77408818700145291806673618124902119
5121708068775259042052433390868197511788878676070278580172630009728741326909
12250451438311111182647297843104033759164395827064417470881821404424205168118
1128440376984440297252973955506328436478382258509299372717410283839010
30580767728057604696772040524498858361
2990222411394710485949249920393183884209983757636
610862885888770717159559172451062398073013634270315744721102
7369326260111155857108534907634126141494387308065456618044501215064079160587156914531932063
9417160400217082265
687929405045965457702078923028921141598415708872716575311948
67428167634159907324640116099910026757463711302778770730187
6456848573098350805370129295962953333789057405091501168
759700745476910564730330783408016408216007447889690516216297764762809843179948
84128711178887419057018303831362683283172957040602819297461410162243674
9283125075639574196990482256
182118215677337
34572403626855698470660138406
20565454617214681077754463788709990920827138403213590610210510960997093236244646254013321109160
705025104777182861352284961537600365274999088826293600976485902639639
46041140070658282266804709257288344983905780264254291800264
97263269576339928269999005585288013892238067344
5574904396
702803479566101323633136071476373641189297360494763337835437006924964923324870
5142718553910577130640918954582502618843850993673055
786925810647
7909024907691015811021605062933173446325235107224907032355431792589618605465811336
33376195291905216709048840837176975528446163919044492304448743151063182359174853838301
353427928248307947671939720462003847260569
1001142295475
10855299894489198809859993250977040851194394723373176183149513196298570
428559936844
97035697348
8314301899845
3829261749133136764990480928953489109679245775825184431164825385055499878429
1249234797080738980966135902210373020470905671470704447346644
8431068537736930268961142903184738298352528222
831675032147228012840108749470960641581897
902077165617340253383918647005809213972972126672638883495605
307843728081147938241296833843068133876598283766706138293981923255319634805963
60658367537596471533625705255456264892
663180619271491101725176943591317397529810688775013162522147178
87193766125403578273081793902168655766153036110053773046793232389160211613681
21105260428417
841390228992166
789451077897411617894518736758758681753460879146983582066536355484331324753
84342479928291321202403365862425849619433493
57240995208743118070966255154228454886327436500
627819750561
1367323012001149
761270798263839980008934192211617919803144046751860974563402
3578303574607
424945
687929405045965457702078923028921141598415708872716575311948
8883995602050905491328487632693603729410775604438514708312713251091377770305057929843071476
3576888424534517455630544401884931709199192152941535463929330536883774232210971699878074
468410319180518753102466447806527952426052126811000213297812312314395195365230
9091541254868394033654996477694020041105833608717443481179977831707873534113862692161426
831676481871945
99828521182961771205177958473944475883070534699108075682682336494474313
576249839145646298192438738732641686671107816790106716490982537838097
4970169743075059832444
33698223560672125844133929380585735026624743001153875468893550858510
94748703102865028574389552085163875517321221002208129605109769921517567907119410333
8617402397545173764826502184043424242401807669469789131642756158765815287109058014467757945057571
94748703102865028574389552085163875517321221002208129605109769921517567907119410333
332812272452092935449317023501235148982123771469783052731355381289
1437803059721564147791807
5968428931341069670840222850375166152548092152909180258960680504472
854010392317508099
544059218428150916072441778793759234846773685251146438820095449087249765411368
9213846455003269087903
2810794755607221879781489658569130848919250852814593396552873107287545224788004292591115226775
1128440376984440297252973955506328436478382258509299372717410283839010
198017042403277
69251001490788573659150823328670188105441306232615291428089654988986960728807000168367694306694
603555277423302264870782319418562123550049830289510403
9935092868226972634279786273994392092381389387488576954947763685625068237356574338
546311494650300652244951999185348687246599341699379
77437465343600787022162180541650625231765094412946414681578843755346119643651612882104837
26708165794483403582892529202355444848793328317808058
715403491546262364342370142853312
22310579147026716912751437591437215581099519864585004088098520639495078556101339094079410070
729298100577611716242482162
9599173437302868520825471
27235326000949
9950465670196713649121111638731506521800491095394115606909935838771282131142943720005710746511
367512654115112727814666133349608964283674185
730155409483210007431517114543542510481328996035223751627577348832479305
5614069715822693161012154749701695348
891460106677193230765565164101376920269918803919785061938146546204591214139084050148029762478697
6291746856240517050091188034278895953788478290715313577967719
3324013739792643968547732125059850457320290978564821281313376474500584529211752965
46041140070658282266804709257288344983905780264254291800264
27145468401418265549331969355169328240539260515028281225767947691
6255899
7629371574383284349087556882
895967808228082
4590967380045823804446991554451372438541329520318482757
304794814766028120258385803108732170405092353372
3525498601914878420170607268869620588454264241121902630825383511833808575607408601236659256129182993
8609608137292877108769612199460854888578892509354574368491032735197273416639695978621974
81301441681167356445695761850266946489136478307854258
4522692326390371415983714667479491881015110464158480864504458942833249997757427458
7302631890940658363034160733533802149959076359
705025104777182861352284961537600365274999088826293600976485902639639
352635379326027833954954870236026901767087666976184114416236219267773247272087958535975913743
5536296464939811441587387584210712584023696497800846
94533202787915517749330850348728093439
3568780233234907020885836405912251175846756887552
81012723919565272188801678036952359582349058835441
97576633902069572953082028482928511295541274825232107710011342260377890098
2245500456930590267450226231644822788182337741824488738284134115608926680778205960839597
18363919637428742175233579637533488668198706795251327415657489362413292176267221522249942404524460
15992092976192530310829202213731684115276080173270133
1957326745475387889410305410322578250395969979411336872193402684193425367106389740712
46299850255795428622255120752979930719484963208848072777588529707010818031378745525369
67543100809116615855957317392214974165975882911292191914360670529156623747454970631033116908721
663735868796813192278416575004120086
422975123268771112552474436168986847996141
99071343979698298488834959537721289173420659520768596829888050136081073960206229268169762981
8925902000770034160534139146134170248561782559334053674520224346006575740
378212104104321237202733118978346500312789588471012366771361709773734425711
128688283490788036908398933119308625
406228659868926215733026548687413796828856443418697274422913154743
7328486952461649869985293759364109693113506101
7891317432161056711903331768429697347805696973563925589760801516325869081253729877128754109
599443548193452180740063594096992368675318212473365318854310475215121
4337637335419002373049148167723686042231483782426620694154017424815677647611061743477425
757085012330854566253217078398890941174288528077379245323969222144626743309
26269827039743150987741129561799346242140301188302614717242246711958231249114
497168827446475765772888264271530923189310
1435633215486021854964861218927357458814327001761760410508768542583215
8111382580
6431176201301744596459801347176966254512247025
765138683818965
40595466454246957142251141913554722353733699031813353121
6297483826271430
3578556686786470693941162604588291720369995168
726678454034730884154720787923954642322578297691565373939119348394915439919358662696
180118066120409824885149871807382780137775046241093712128056444
27274747679308164669786454922732485509475168327972234310
3439373773891803945082925025734020142538313785618119603713315151805404042584417779143284803871371057
546311494650300652244951999185348687246599341699379
7079303956037995600127423486214672478324112310205160790952842670590183033423406415400368378600186
502725290039543548184
752120752981077572812788114738067321845897815254709437553467013593048641365339754745911370416
97208530925042734
426312485761054946955749325144676191906227853941964858927967014407
15717580902518163810404773218787691869927474592130226203422155170604
67799668947542983020377484902024423650293585993720141623245610001925458520725
9825558318124791366
8345516885614838761
2801662298233262215017616974105142554
3251856
7941850859281438508444730932944734304140485876056268688922150818523107301786335655163
62379517282017414127691178106666511728814476419934548233316218918
4934452129146591047896317463519644675820268723003302176989118871964562074353078759580685897
5176546468824551066132888340598477972
154023323881748099386128365087250342723231835828969943400830040521896743881929281817195066
5358177238348665890022385389264436027414
92481938133597201037446377464498771716267568162313913370818237837
22471216671525715368385984227889038692609713601890998547763448473600400058161132230753125
675933665886554970206128202609783818514935598377510453
84342479928291321202403365862425849619433493
8151062662527
6483938729251709476663186799588713045214820112774209232941098432531152498296437
382912992756014960502707314630
4760238208448039730070055602727308118135865050580080213605576720134347405987093997093612854
95297498999029047124019845176198106835835148
80941144349765442293302464972309393966571636141169846953153347332037776265402629
6817467153023588795480342965899518346556
1014941081849106157685733444526827752
162000334390935
8255724731510156191378278415446503337225919076071789893239729
3709038
36315966192102463384657691810529332
918133290232944206963940573621841878224707197933709249499
288010991465172503196024190436243083717506490819210028438112374926690939703972661632144
2338418109801138832266099232148851791078824873470956733298943686707
593829080196458726234916707289278837774405471243260978
935886867096416239053011456169674179130124092198120065613739102222
84195348084329101698951015603014202799011149298004945527202670009531225918124
1323796986467936421552710570546320472360230909115657438800143605058689519179970358832320
15328387858660979898359332650783288649766432
599443548193452180740063594096992368675318212473365318854310475215121
803434196856596358475417108283799289277225411083191511575522933035102
3518514528448454641204758490275648149100874822924597507
77083390607099817520300800251567430935069015
455789576792050441709292966115634256007743247535350312242220837540884511169020421
850304828065944355577307462850850251994172908549071754704927251272036728383565556827
59047004355965664899303635318659898626807806086743436557683130127732698773234445
30620277610172820849194712394958864953856467270286933554877165705
20127522623361989
3842342
902077165617340253383918647005809213972972126672638883495605
97902028031716877625794289530599303852
1202283846670123892046017
7506476231472945549012953518695631005181200693267362579
87337437742853397412972855449239425917134800897
644029294433447425055113987991077562901495
3904721426126366064154971378205219277058077320670210971
9497720173593343332510110323699549675807291484717226533288787426921718927977877006107
21343177317465759719414506145777442410962962249557507802
1494725487515928
3648495982421240241124842092214831964870
778713433439359301056857064
78886318029804454037453314186368193
877110867682765002509566444853910
5142718553910577130640918954582502618843850993673055
368890055793918324634172063554905744229699501562925032868747608625874416386858636
3568780233234907020885836405912251175846756887552
46231614086674106
9289109219007
890507651046357951
7072413749990486601696555533
21570087991550547793341507717217846273011660788
59336208213484282617829547790876305870392035296354853123592798566322524548044
85538459789378610368896876436187352510022577115305171741394288480621089765099719
96445550100258449897931563949879335850098858953640104967911732381908180932037599
54759000326036452269373016
6135248965053056397199016395507493855241047834281046957773
343439784210015469915254676489719413553167899662801871647011171741099
4942653080009069586107384
4388113834314932930313507701571845715318687418
919931589700571617377
7454448809781848367728
3040129021697192326576757720535121465803984298787513462661166335836491783860556682
9315170015060180118401825144389066039615567592904325238083073164840065833880094693734121212119
36812797
709525028947345834244639031062692292607477764046382755245776363480
1143935361199348394989422452043058399687200704147875237182724081559973922393018952664418
96204047032417166980487866296029838520446
61413157192113358517435679878800942448480545321833783517757430562482510096
908050336029236851560891856275427608559521274007
735608574320988
1192614980896
22112307479327423389833759446898865886132591421884510477802
2932641974080874237142289220425240852842001210261350219
3435222127912314744021044462908074074277453462413070187961579824564692738277118312971704522797159
48096402566342395132085766099090401
621037500310299537388498416199566
56235340142262211042292373790782449541646292204307326278708866229460552682
720795530407178025883775464556487805197281507304279609455889342416259506391
612310006274337722937435360088402661792898822
60658367537596471533625705255456264892
492915922905141123183411145510643881245374595368517681492137657875473699831840377797123
89496141777196982812741536842547904638761
2448439220784617323434751311291626634828208173882337277606132201892859144771863143233211684099
51749096836870942060827805515614545692102359845762396682927522030488242
193994
46284406123941038955132850523
56235340142262211042292373790782449541646292204307326278708866229460552682
9500332483756314307903528540202101838219248652055875335085158132364487783515617153142366703
69764759629101409326951305836486317794630709817312016807425
558458898814883512529145476287709616702164576530094933584100401801683069163802033
9720224690169984471244896998098830527657589430315438879200416163246714333122794274
734163445257181519051168237093146127016
1128440376984440297252973955506328436478382258509299372717410283839010
31520993744852855981495732580438
23212763768069187075749598864115394368377582526455980879057996866564093255175726368739626515920827
735608574320988
6122672119806782
80916658416916662939539185837703363593288872608434605127919778311839
7740739275839412605028255017867881780328256311426985132622387576913954
468410319180518753102466447806527952426052126811000213297812312314395195365230
2965380074256657292824371022492606231382064096251226981182030124624803240732543440
97463564007381424184360441145909604749388602985715040719235500203037420354112008216161
1012106381941402079577630416276513663080732197063308066186356015628770071882951628308477713606965
885148865007132814
57240995208743118070966255154228454886327436500
42520314264526713260507337897065177709463475573312170427981132265484887783547564003775379893891
680593709070185415825675
23043812917444706488351
53054203582995363651657488218079459810798728233163423990855803924484025922458348420
589382436755727766372323326485000088904339443014600957353982045138
1206793409060772294371267388806179090995985015578376121229725326103529957
297332674324472728536594213976922019059976126674046858992892
5737262575810076540711528326
3904721426126366064154971378205219277058077320670210971
57766345472730900310303287838798916390799870393056117060587580571650565019866697299976
5244168535390603116075475314120713826485820988906324175557387851804439293641206488
9893925138555181099739730648370333203663808641658967505524808183503793093665993
1851099886911270372468722000269507944707470813160
3058189769097634877632150636412019851192785135131888295933713412135354895890870342236861908815169703
6391637579505823173022532192349
820411553845780010424099282287114811637356804826
49269100232381959273905142796805669042104044248985864904810709634726
834123143867748604986739553118427196025482085884811850438554913000660145156421113997667300
4872187790443036712849506594780267574000573046926745335758148
4570485571822120987577127082092690521576
459713949222604630148792948944487695006285103374474399427146895688483583190361855
4522264706693045414163705545081025153517615449868837441895584952696938436320241960524403321
874901712115527212960
581631482349502378906
89662788005941965211819004826879671495910588296523739101292296440388797399576285320968259892
564270586331277877470323394883790217954282592433675497293172320747115417941089
1798465317195366479440748786475884483337947419437629225922526884725077365831973888619484458839668406
44853397865569095580304308106479391633605248667256748712861
54200651037302222919123155572887067981
86740344877204906354022076233799722154067164869593721615464028311792
128688283490788036908398933119308625
86476175895343001696410475954042644727035283180709627656
81012723919565272188801678036952359582349058835441
45083097237649637041707535872510045026246796474860129483039
683873486869730754662904958377276670736562810518420
4281889567149085571858251136128512390290434838449166023178091449349023347049720792011063111473070
592285019264975831234519356115046179654666785679516314083019887769045969204884669459572841508276777
42517927529879993800803718499461674786191244612600436946538351188360688
49502565667657957831731462082198673
582752942254234807304368560710506672388660622121817567552648404835878788621
209688784827263870677789025925291
7306450657510831428810527066974797100570308660353653348019926007699507736721250700871
839902750003536032445051474058441075662558270201229513
9872620438610191292474022221450508838
499782793546321031568097335047678813156606599462981319847329986
3582286102396982758469572621505940645400579610960849095221026
9666806050996722588319652592101225507099760597428692811748820791727754278705080012296317
749904851552992520325344764334852232033857866807617282134102379
604833830964950485633638759897208439770261099
3572990134369440522404
872659173727543191586781025411607
34276398263118449269336112527681005636330066499896454456591375055118292550225440943854674729
526172429097934383432907724839969208692481713453565620255994073
7809103828333700689811142408307139358411258504673557831343533423633672284825982886188940512876
792200201972849532740287099791902675890775393637
923758379
3048737
4040505216107600601409741034622187301330454795991661
61552529325852830021112
269437707613414844300
852499552647977610943888061287406426
664508744
264650491077917680014748823633405362
7056698770102608494668465863814465142621056481457836
852499552647977610943888061287406426
9427127537532483978341842989384459107748042
84677120574454982590989578116726327602236266091757065008755428090195548313732956385
800778991780575976683178796597605941509654179622531563673965213459998271863592077755529983
406284
70868500848153680901278003859402000850673290212409482406482438268372
72082364791262665716345692322390097017412587687
2615108665730533925644821499570911520804838713432179751301712348604821259911924846395491260594795
902077165617340253383918647005809213972972126672638883495605
12305777919547330233148771699001715
458717526903254994473790887116829
6620612733222757733968317602819137267126781972464804468237128722036273458025526015704
536346948010687620083984
393775
340390267277288563815870646718812393490670984
6180333769416365558326945086909369273720402544618057741243074231232724353094387252538440
82677493637686451429349081555835361166787296
6030596991
6717378252594530427897637828520025510500942733
2441142766603574084126541385924072
462849997668104079201935149203467209633314826846797380520685
1361384428897241925062486527554332523688603544019075199988402381187625438580962
17828048292127961589117966584319489477189
975469022154907268471637772516196140659218094785985016325314068555962005847227
6048177841132680302645501720006742912018019065674778787644129
1450062558824891047526571013237335741832051043414526397665725846354855786707046970133237
12815557382691113177607374113280863671692658135075636810174758682468359532636916861074974841163640
762840941412078141181591383318826265316681716868798491555737036772786574828957034
7391704060505056458875
412498271030697620046951577987281215669920717249457661
3194716413161463849381786342354578313212448769411438591116832942559699277121290246809760125159029
2932641974080874237142289220425240852842001210261350219
58132148438699834616871850937832139649290293286050035545173059246015911654068129994028004430201527
255846938047684163609842716820448621623740103407168302058318967495776477131199165773600
91173905318477211605867019042787346762891149064692525171160575923789292522792937654585525
38569849753926156154
879912852370403699704117704106292480492330530197529111953619340369511990495368766
827100980373184376955420511950161083204918
7629371574383284349087556882
437716307215492617464465133818302602379133668587707998623171999085447919372570905643413592832784428
996772050154629941823352386875455743590514942963008346353379715262508
4284374466104525865394716869413418547323352050283759613911523272994041603676042735775147845803074796
9560866230483966644265968203020975679
51073863392765385138822755532187416363417841586507745825443314719302846625504189150
62265839421076548904538026617066957616485813031773070464706329131588619374028614562399956223398560
9082784745718860172891827287155910041857215730762274127
65962617265540031124596181221563181250720085113850315
6693600281848399745
982974540673545066173797315342275383619356384492571276963704887649177879065773965202647775
314822984744140843383943598781611963786900331748110249772436785696727664975773846722227116460
795201430618977655758584012891091241326352946338476432840989056476314618172240183416134913
5604207
9326443099231062121924184797873080985082618312904467355929
502587708006928420274388890210680
35256231198492582697294927649627815336014208908990681332262178988
740959844473827592576624
1589128492614247231322519963644885435866613243171850175227725778065725229267015
3844951782575069147318713242258479552656763443710836724486800168
590383427586817239815669486624308382554897662559966217892784745
3077986747312481493030803036076812833535634072656069055707900722001195377890
8626507384195342
2384492
6260748228757132260573651341298657998977101240
459713949222604630148792948944487695006285103374474399427146895688483583190361855
260066249956279785304488408837623612228512072
1199507380778119323848490326881920625356554192023476059172145571455767473526062181383381726900
299485635121806565756189888216943029341173077311
35797868832823055457814654106041907021039873569469291144063
37851789185002253541405367162415369671825801932458
100846763358043846858741000874877574986887204728552215352233990365588
43011857
9975678900159562762279523919749136379416
16751513250908
971394904726473516765
4054008869810355
2714774835931968996140797277629518
5955263681743598221726680749303556456
539240389385359392739777493215540834
67384687924126123252003966351258657807813703981396956726133345218803401301463055767260816757145
87583535251611998812455277490564247452269299
12195388857661047780026469680374660310934768513514287614644381770770896781
1046652508102616477554810947538437490380582662209426497137637949742332212906970419091006351724035
84677120574454982590989578116726327602236266091757065008755428090195548313732956385
3047478847595678957802608400511954014651307981855768255623446
348605925640907821218433
445469966
794649871623588904153186710691285082509508129464194067694500517643550395635644120744778544
88383393962331917644700624090070410555852666703147569322706207201036323502085304377167946
221485385024310162714086642849052080376230704411776426321350469134851401730136
72900487117031696806731187406501930942762440524021640512506583314401885541120
801009
21817189651458583833342525351935342755
95002068458695769380188311896776078517968363857775091782695537466
4356244355186066538760744348548029256625929456821434
720795530407178025883775464556487805197281507304279609455889342416259506391
491955
58647850634385546447949032038401545137157018141045807118379548257078378199953128488370555855
775197749284142473638167801134101764846729823861949396930660161172
95020071516869432459208163225600099390164375162442844068290817524071062254755
3228053734235747353045474319589547090665209722339718085597433555444193835349
164703614192198653381939632794549582666870229553786941243449085229190888418
6936741089991821347441261893284432426860276407994484609065258310
57240995208743118070966255154228454886327436500
38234088127631923098378915236178688077027727486394372015362827316319385042407276488069330686
60281897416233092965682928034591378900043179601169779441495523803984583667771199120854
6297483826271430
83884471752049615690806791327461057494132743384943281312163806348
958503063976158070946771010034903678772069376595630729624929349477087057471667013890213290
9994590143410429683156730377322595425450807284355516
38518783458382174496436181678026006200812159677491099131895569063799191610961
368324696460013990233548491670531518678423215570
95511655303402282607459034286983164155
81301441681167356445695761850266946489136478307854258
1374790185222359469645944059781242674032480790126328692904992674897251
6621263200920416137125690706388124
37469782727758228994734334476979725115514056994039370249
1625775367151321472903535443848834619891222625615920561260369159750336756971
87938346673482705246522237755197922039173842215789583368226167728256737588647
18113660483
7057841
70114656509180364315605073418142693441085766557851605881
9220578162887898295143341582361335567220996954459603229960100017889490595569
61360209466383476272377043556992776
908050336029236851560891856275427608559521274007
2775339954866578000283085505358813385441904196164332575307685
971394904726473516765
9991787821859
8760714667213416238028297447022920
7545869381730937646359098113367259
3673240992235365313611840
17261981679888700361056834408129278152073875622896492228658280669434
568835009466189929589206854881679940792525003706240848430066677720949192161216349679685
7653892748749720900133949365814344370415851469777541162508797
3648495982421240241124842092214831964870
626306995985656658602012064034819
86129790859650816638212315618665963998074611781536700611571082204705415031722893964948800551205375
329176953910081019539220668100342990745413278669063920445670533094611315492
5081019959383759040967277908292879826233334426721193854473848658417494067606078608897197
534342998273419106038602049570532070312398689479108311946574
990358
8493127766140297146268
102895633550124785199170753448309070021700535587982187575867888130963558492204
40578152472
67261304650067862413
7328486952461649869985293759364109693113506101
9290222650657166248845369744868668153144563593386781881643107991168750590981209
663634275888858460569645905822283467879677853503790140683731
368324696460013990233548491670531518678423215570
18631380501460875772966142963778796642481401618699098009480812916949396150728829131022
61096284801763234485979027057106729605781993305505861223585394039288182672095760228685
808653265817160762654467
7761814798976442098969401706447405581824664895
6928366548437357552533886022693149440525190565040062301919792947053319234602142896486461
8151062662527
56011975012343316370455976749492297
75839705659551340666463366922043018206374141
203520949929935161596999513532559728032984010913496782
7653260441284526148564517847210523457122942684672861983
3695212750027259024369794253940093739912727261008269519993313701320228474725
426172354359057198214251311551417465997298329857323536063795
97675276034106600443800915060051503424412332352781204448397358716029651904857054886495312530283477
43505943139760752
4552369526707127699942892260035472
180118066120409824885149871807382780137775046241093712128056444
412937792188514037176172557505226412959824387631344
94773199854266394212350565021860590488827158334918101835
598740776714524966865587631757550062665341429550
943609515683864414088023487708432623051343832273730279
182209287884150767291020370626219452089799602006972
51327794575466422208148670363818019494580959455279058806207933566562331344645591436
592402705115712845445571823393567357641427542519765
40650527568600922813838953660791276480
9873564417668748019775281563
3518382906084
920783158648497507342116634649927761615817354307968604137089932735543990314171294374086740595
885148865007132814
711049735171939500975348560969304636173579622793084036883653998408024068
7584119338252728124358308
22857972463560
8611000778524296677889146075283366961106468276353018624867505666083507273167095823462699637
4626308871118140202847162741079387376069727131080118344617141122794596972051667283949805193746574548
16930171420962812770245630851975600752639676456845085838093128806989488473236887544081669315498968
777345974786860286712744758134242062
2784190037826503341929671149998504411
15228773137096769226869861935874194448213748581631042223335754658045090793444297234
937840713787374619312841516776977604752926648476196275071452013265197610
5232737629048
233410636487033900240734680801
59984648321734890766179391
898801317619798641549255641999587153567726050691462444652498859790912633516496522
99831628076425984314492326356502016002543794999645572520858602261230
10883998216648868160259634906891530
740959844473827592576624
2834045659206668508101068835605
4274180351651308529056405222185403477663759128546843851022453121486706941822600823460065776009951256
60804635625398332015179982957130600488949467959598995467932528930106312621376527796947960
903835643404334932443
618801501030277196911852403430663942790744693693788655591418793731314753287
4073297846290
2942547014002881906370292834
5951183645700300011616433966837767407789766079
9109425548981638960756631291841011350838213602039962367685
2910596263531096063078603504095471350446242695981621776
534525
3578556686786470693941162604588291720369995168
8187426298364861169245121663469974784695065187331
2704376023480432949227936847938456384483994228780889832910530261
7085413670252594997211907
4121876935780777837551216738254340916262330417558814437500496323625525742462940243749893866021285
92420983085125734255397594088761412719974475334285149059606275
982919735442918143742295325472276331495877998758981570
9371038617093310890882317005351631902341023314314713998864716694311491807476526682428308165
812956
49523216473483512888156300095748953898203008670634275573105107
76601365766142947451200507704375366831285381472219106135815259766920874835669318610410316086
29661813220305783979361899026279008111861171367388820801123636212624210343960958185270088532198906
985871195119374976033498195931125172020766552836766526335212681388850251868
15717580902518163810404773218787691869927474592130226203422155170604
89737395041021091145072401942585523457301511110056642445463044700521625279761142242640779894636044
873298706022
4398834595011
269250700
960971192898773921888658413151072212976397989134702696682180165063
5191580687109
5356600515904323975823267303578679962655144400475647892978708078847204593
64330136953057454008205246475830964093189351040173822040128438924330827954105679
564774154966399764602315027
396961616293235437777350023506746626701519460577849092148288020434016917
426312485761054946955749325144676191906227853941964858927967014407
38271641157677154597918351093
9384201268364083
903835643404334932443
9169526279086
22632001379994964653527646018879998630983710827325335763539974248678691531667055
345012
9689263
644125094991035996107569510798723471604576956336711566799563
92870818161492757752622760875013855425596
450682215598470236242805920622210888
662211486247969503636173194616537412457915436289674596630259466379847889617501622955642751
91749539640004901798255104023547401603227801838145179665983462176293233426578042583855854912468109
916176421190783541511
6872300392890234804765
8365812910192745472029404878977239408129
330111007992030190698128148804301698632672438329302826028593204169349620713782807697193597009734
73189858144382772432380367949592191438758390889440706246
224722693811
1949603311422972266414366613596862051361999303962781826147656725680
31734762118689333103005952516072405340522149986491
47367001513917727414018331776043948544149672827150465057714112730051343997622158
3934143172
1119978726413369124809331365543024725194084578683548408395882318030402
77195448656330865843196864
156634402124747607712324992196601675424912184468938129625510063858280378
52429132364964199277147736440669433016338800909981787506317018
6705428079814743214387668416008150
27235326000949
91941464823882332443797574839549293599829983704732452
28581268529068588
91941464823882332443797574839549293599829983704732452
2186165368011340336
2631611796949592577424965793557349003421
64531825279
39550836587773295000478964186407424734403036242703515363140954676859804278760551253815785596408
5961318522314100001268705113522059966531228574155
1570773264648141260229
3961938586967977716119682274352488366429850978365848899107267096861945363041978803489600
185569184563227988146124890535777301097099884781600573618
900386673623611632900988044789605278354379001048933264283929658151108142663
6414003093927743913260583813053249538662703308655113977459746145799507155814396743764305
721162571979517839047922354300968289952
598740776714524966865587631757550062665341429550
495876832379231931587621763712961104399442083952381679115888806578319462103456965082
8124969000
82483027158921673579767671039685927879896045759540
3043229126260
799284377803173054362474198465261195434363203702182572836875388006807802085685508411170853630828693
79141586594604958341739356364577171548451475717169566509901730829620868224388873234129321023
8289581111866271520716339767915822148646391881163511316215
76972093010677084599601802636650046837439597204848368420991404091720955403061119312837237388249
79558079093663677220449440868448596797084451498921225975597764501447
416753753709303529922328703056042642451016161476749655644473770577074728026857172255416449691613
2775339954866578000283085505358813385441904196164332575307685
4430353482653860500896146556903019846579192224142445964111754381657203137058649
603555277423302264870782319418562123550049830289510403
1365528343747309561116063324212890756467201191946
36110718801938212012702758207349767500066474081056809670819886519483958798980464048817820457761922
3994076579349321371634439100560795057996722424
73998919024136203656178508557523159616588
468917842913730957095884024367625862817634777932851772
1600612855663154878733306015381647444980400214312841
33046677185622846703733778979381592902828471758331465371
9091541254868394033654996477694020041105833608717443481179977831707873534113862692161426
941429221253444427198196809221050627634380004692260905560530672095157150791550473196565346268472
840596948232379169279548646308885190064326269570066897081037734294264077475981612790
10407294236163832333815449
35797868832823055457814654106041907021039873569469291144063
810570886440762853095536065600102464084919770618170421565056308308347111404
594990271964
6961748605670882333499568581855182174278734486993958124912216888774
8166627221594010268422796632332975530790863165939
61117053088
907853228471232300438082
12966654725755450603443854522854561137772897207739548204396277488555888567
212386850906598995435298176207502231013104924480868615070498002841485704
8847121575325268114157153237160748260
4491203698136109127910630194135915464274
7429005864053339986238667503735937690867
726843573633958934088665447803380933219426714265263326835648197700569991214848475473459894424
63568870240625688677
2051548919254465023618951602343697901363652270245234597314143173702236025342
703130167140102293115788681597747649707850088088712222351467440984269060716673596788
827773420894549715745086660763670341218574
8568649588005178057
690480752339117829851474353680724877314507276
10628635917893475384720244835375874695591457222787945461334541985
5335692010327953551462140704
53688758510406270013112249205713346467626341336573117738902875650778873227641131
28581268529068588
6937843
3611688242534193690432806481416753518598920850721409231
88020694002206613
382912992756014960502707314630
7067009712853325868753577
7636873248851537188395745865560604633162506181232537014325847664197665517871198
697570631000327978629546328218391997300049139233480
6717378252594530427897637828520025510500942733
602412187277793417100725015808
291193961560561092793260361231
751926329904849721928485328435186517304712979983814746247969321218059684000976206809888438406826
144671006082534960184693671880163
99071343979698298488834959537721289173420659520768596829888050136081073960206229268169762981
60525436778011472775813550598077
7108924415393974
2826894938507690
7760199435586
74818477
2422328738970
612310006274337722937435360088402661792898822
5897955433379561254789918205508504651149776086688670728738477499433092081880061860920367
17015006647924299646997768559338371912117374315660233
91405253398134126569478889282231036180875936385419817
752206409888431084322054027891173787892381600443321957845326554242888026056
2524792754733842690122829346382605609751611205466811223908053
75267515698432438022125317
513950024362677807790396861014
690160554511452353785493766478246896354044543875554718423076758256290257415
2544924062231578021454966851266955839696433232126154729761
1035860335851463284294642399314096371925398184680227259986301527
4738055604481252110666905294333873067
57664271468407427574427973335288299046895367419310591144
5508714253231340943542233940137517875272067017383230662470455310709818946202242763
65974947259317681591468415218212467046014584319156404401683914832233952
5767084670737078207886537358496308255309498964661436361719292244199134814635463350891
316453719353895461903475019605335198110199646696940293072147841697267261
60845792249588888073180972326686260476116
675933665886554970206128202609783818514935598377510453
6267092909338790806710573817211459069438284989147427381254718633783936279666461503035788102990576
139134748613418
658757753614746475056111021867045654865127730338103896939954838207529751227993412366821
5286761246061075705578174103769541347832347395404529028230199766
694350531694225871239117450831622081746235015290638021606507278383413364583131410
256482435390892145955
444167015827250691092
30577849701144909799404714243
658757753614746475056111021867045654865127730338103896939954838207529751227993412366821
860603234260585922699210671501426926683825452681608671740867486170679208395492006882670863
9720224690169984471244896998098830527657589430315438879200416163246714333122794274
6175111933084615115519390300914807683009367702864997225423901388783
9023533408066849149422130639891735
43945517446859806806263457545037550649139
56074500782523221297485532584685957251117286616476094140264593850229
75345421094604161981269134865654919911402
40247602801967800175603971298831269708460497351170079486425726780146921696490
30673343773624979290295698
924814737746714097717473962423745234781008389706628781775107231320
5916529136749564720802390647712298700424072648577033888901729421403
79017427126096907487513635650942287641550545392744465456827579
185836259549974341872305683246472951609361272984161774864559
492915922905141123183411145510643881245374595368517681492137657875473699831840377797123
846222987981351767997918808527144204477038579189341097484441633308985032
2053364839207864266822284813240445822645535973011468042247008028774440931481
3358005892020644133517915365
63311162815219
3583636823684408525967095
493573859214120608084370651402174165
213862367129490755859648769708652224372024074057505526077
6642242
65319633652999733620017790567038246953165551782642204027082556314766939101372281951622265372146
4427291714670577077948620294829871133339036451737293030460
854708206764752550779306091419657776849479273712724246560491948840178602
2338846955587824954597371859756538532481927138653855638694568387173754979
203520949929935161596999513532559728032984010913496782
600883482590007646773488202579158830206
40595466454246957142251141913554722353733699031813353121
395904940
79558079093663677220449440868448596797084451498921225975597764501447
957578290
7584119338252728124358308
5532991960456850022238664277797646806585132885422849764552968611887022441777578282305790007
141778515025359555018068823894085460607296171303504857291455217478303696309510406723
78727314339624062806083634249232858535411404924066280208323732600
8971255048516511286569590916833236573962454486144822657894562095079417027080040845716431374511848
84901543049413274919096602884697742033451983084162761922979064534821094
3322172617851054473110791421813698317945678689
729298100577611716242482162
436779482672921170073376498946588530100514203959247378877155883858220036
339807539649010372511450756633322388335255225362805455460181591
356906878059330387727193484328540568717427253657774177254468
154587862068593922462636005116263848727521609127504
6779373052602194965683461403
205282787
9560137776560982301778722436384605081133574653756314991093452391702628412924715053834468908
7374265411338981394647858372766334741302428644302154290344592661547393750
296429791370452897384914
490129331823113944966964000
38357386220813073155196168181179532394306
6591483549284798441060562995517723
75942057351113152497669931319907770846909351155927538366627924567342672
937840713787374619312841516776977604752926648476196275071452013265197610
14940379336029452263870458511127556780935796899120781954
151036641784353747537
726170980408582291474
13962800966596736735723057869560205423966308618257187490
125073311779453334717489070834817507948645693119590
808653265817160762654467
9989170361579021219943965915007243549370080340755056149013672671802568471606
9165383234951242608729990065002976657610275390922206301132931
715403491546262364342370142853312
372164306347348587857512939000704
475939653343341762082673246221040663701396155911078625709711682852186122732543803179
3043229126260
89243861521753214987958196806092110775271238363530192
48162076
18317506524032376923922470145923
961125105929512020200120464560601939660057983607805117099356896072036748475261173473571808
622700892499
757494881015534945028498091410116701535185332567431614431444861182764624045523
32823922081728133138416049211276029256934961545840487488209275408024736
93735517543713231032372627832085434860494034518707541171403159405906672759228495594
87692976498853567527329374676
51382176679085266928582436652833374897185
4204735871824522808354628555023031265310206276
187210327448486478517635675540663594356739686658311052814657
597560995312391155636647
202017751794379154575398062358572475001655806610209339398839816724723260638198389487865133793
778878584128381229267831725636
34276398263118449269336112527681005636330066499896454456591375055118292550225440943854674729
580158991492755527384915230833169670662024
8541868416320
68828718670855366567141779766310559
578723952627763293868176035699670631334108133
30577849701144909799404714243
331185830221310544110537732231148946309360645
344561490023841285450052873038700161667550190625252136937294248462177517
9066266360376004206249520778560758487977782806532320445641304484
270762437813725989907143972
361313518766360300865952269504874777419727834321633449586710714871820307801993720876879627785502435
5073208658398899967203969430204301441107
61161114706174680345105518902277452428295104999124895454529829572
23223072294923763693221558529351349044451945441810763545853318955230820246689585504133479961851505
5900083295934614280344363209135418403534710584403870110108078985988090
7876544046284496826784452773600043164790625589231703452109257482
970889267903590875
623744343760087037442296
913587977449833649353912829430899194402493128530525253739542599114143896972845524673585567444965
31894604263993819487928068
7629827271182115759413259635309215484445648
806295467713135889830489509902851240070926930784385433364968626378109845023920741118793433648
341369050953036736147045893287691079402477335331828152141882085861276907591664752111
432766578035977171193461832709624281162515713677618983594555536756388252022962903139
766821111502047972600729385667531204311157857
501438192746531857831301476499137232611892069
74022087190264070211382862688810328556324360389999418160560010937012124240207071905010
15046995967591
90288036781946718939724010055105
7412706109249612
663634275888858460569645905822283467879677853503790140683731
9795201751384849176997388123527047828708865934928692305464
3288047155372883629731745269266795970782009006520879912481169682355195376099
2330845735091376390802330892997897167923643874290774717500
4326784492557229485776671806566794702258054442226890133024243677846062023043398204754628786
93381991598971360353371855106990339360
5752042998218656358490068980873166338815309831063717998655173
9817289700529486979911
927805
242404696677068349785
316412867739892456492202836999033534234457522420750970858481047935795159518178408770803300661062907
621899133616748577503460140606116677
72814331744699925339745645446128546839864042652946969417237707341365708330235183897915625708281
76972093010677084599601802636650046837439597204848368420991404091720955403061119312837237388249
667705045303956407643776507958587976705127506429939928588389968954293521940154595130325660215
84901543049413274919096602884697742033451983084162761922979064534821094
2355698973934144468824347831310819423107902119193486205541943983386938480950050099573647539643
470821427361865410
3961938586967977716119682274352488366429850978365848899107267096861945363041978803489600
62216052772658014
355176896834489294347825
7909650925956830084701333333842346093241270796742044552608200733409
278280341842099643174455812606381078812505129392699343327586985397818486018791539158581488428
3904721426126366064154971378205219277058077320670210971
59830908962232597496655297456144052712811956
116700229683562735264235698298429586008848136073210705761849744801
9420208899099778347812895227716832227458706910126245983561724458645940886631275676737131706879
44777667358125375670579120239577226969787839576663522657002016571671116848705875
95002068458695769380188311896776078517968363857775091782695537466
792869077101300028427886628875392258969885357544795780473059961627
9460330946268560211366682113095019512061666196182507515538936802072807633536589977905
7732679428503967388682868724328017592763220953945467450849483980617702780007267
65778824251770258966435686250789760418237856088338795966924
93695784829940533476714938613580750137008787389564142
370852778986121324703093038694983612858282986568808605788616573344626520
65094186453304664773043521069640852075486125186777
847067989339148941466353885767027802
643459941460350
9105911076925
81164095694013988491462090529390427102837778661237552204003271868566757477106514
604375628447533053659090915736084786738498811518697019627604341311791206114890082860235300149084
74022087190264070211382862688810328556324360389999418160560010937012124240207071905010
2571197076405255520347848985436646
739288503588196526556241159968666596157926
187327262021
308950692255627
8048224905045762959796433
2420296997415788198734123760939590040620195327967757610799273495438242
102132893187807544002078312358741350902795313646983411403
9226420250
85259897627829299023987923148148246769191960337377999628884496738261
8998933097545417
11440742425198071519153063623309743357524163538512362922107364
65882386
5614069715822693161012154749701695348
47306879407626810957570999886966589064009734033924879830899586048920559442242200
14435400557931529442817917785963655975643278588490213710564458128908920448378378501254974931243890
604833830964950485633638759897208439770261099
319517902240571077355215855592
12084765613235098532920229518460953256621408800448823145865808881
380764688382889081738105354278298606389518145538181467991221534570330167712210252
99968161709003238360018102322542388814330071789644654010629018273462267253355990332
644337766568724277541862680533232953325550564624439384202521089515100908336888375729254
49550713621868019625421814
5503087277910205296932036090564726464069092039652
65038172353681600128408
34349392721459287160813227931792719500774389572882828268515366777442907805792998616627297
296137920130977253493981755912101999377017930785699307361790927
68047778067002306604056397819827608843971468074296061155157880978912024420019902736
444167015827250691092
4790449368815536694
1070294709723
44986593785539599975236002839749207405144584631483294983904697488329984835389869022271893
41988289559302627714733611759932805206423092321530
64021054095412509908880896163218382758300677995535556741046370835375963985
4559646750305508724888865610660546698924131850014
99053949218071029532354330105308727385792603937487102648657628210149923497087806713914400299
2345068804435413514729676880990000
113832606028518477955532436499932360429231410683475565125140089
1741104980044342262657568087445765137473414370804
9379280463286363455696083936981419366649878765010289812
138527481497382725593101002331788600704011976799011070706
13030781948564627010192704177556375459547683184346435
630672145506
61992493061038767294235064576468610658447706859295842039314
227158665761879669127
2656343352670684163370832519083345114665604857315556111730040151609604279125391507959800719
6591483549284798441060562995517723
98095377096523
8798165850924959879620430721557
88020694002206613
57120028145461996500519009316612649907836988186541983637672933485090290281015556456
69129612801803145312805769275997507751250951098743994019233490224094772697376677148
8390983354531069
884813308585840682297529678978346357437280294030174220793566209934705318379450892153
1199507380778119323848490326881920625356554192023476059172145571455767473526062181383381726900
7867471264094576611668258941107255008326655703
18631380501460875772966142963778796642481401618699098009480812916949396150728829131022
611182350423416288726317341069006843290281861337137378998357764278967123126213070616338
943096790442846615812083497782589770095603708247
59134592509934798736958577338999313842085382934494619080580726803791279911366
9535292297798243869
56204190261143147319764161806682145670551297308112586419812240835760370845988669093377205268
46200085477583641750072192743364127618226902880034696669364
650796389580000726850364424285395449599280284139637334744976908757860362296029766863
860431144311959585103287851493
6971336772306904955664734477898920068
947924331553619798066266339784914144811695635216760601280239625825211907922882244731
529374569088
67064221131951690336122123909998507644
5776371487636055736454671749953048008392968367982580201671119979
805979468576448917825213954142542413386803261090521027461813
22914265786115179409440012200523901641230582249322529257199915273566750120
56093762583004879137
767905285033861657255073430152703331872833732458454418431491308378855289271859723267632212837472062
788683800494687574527378680827490103493627865013280686527000059569412234520516349
815188620784238853039069744653624671178425981837711475662632802344733171
276259989087694522750848117224390
1734916271585386142489046143592226318120706238923667412741042967902855382274
256077394199
84422986049303469647782224390685224140
245096160889751032345418249541634518889081
964186780666494876813012651713749561024601815754556
47792897987953330838978089989
90736374856582191553176712
392780958793666383237533311529057263555815378206699000892864403
2639130623829327581029793877536747567349753
9173385
47537399399584712848678483850122183535051896861787359193917593690431028851713380767736760
77499346802697800936
56805037261503221314502894072589127710635615925314560219565903201339834618968804734696821530403
21207898961601049045948993195558018434
332793864648189671199855208112397415602964
64490978803306494099787493347654787442150077942884843989884623030121410677806123596562231579450574
2801662298233262215017616974105142554
301556910802234011878484736719527363
25225358443329360852185072399452111950120978006193170213433726
25491935874786837442883177257985141214542706471451617001038199524594322236
63096732304372153815041510684440641049679638170542875270495966672346964327355
79416686398983527894642980571381413472840080319524
5253652956093276839719089955025610951650160035673
52353362056525211918648166620446041754041925770
9833856745859754158413824577753638505588330851854754
50139048
58090614042927200389642
57290763445050831365318248926101721291416289945621134425776306
2397185597477379167140048819602718476042838
1363678324043907627511789461397436275921014180616366909
7315656663455206800670700402413445402811266223111149375180187350730
9685813903556483138190708518876172633439962514811234084765753114973724977413707078932145616719603777
46826897662035550032636341539408733849824338306569411516999692106133927254823
52526835787567891228539894737898011537510221742579794862900301892758475269343602196
9107986352112596474016271
146050372425453350306472658563034294897468160030699
8678579458425468197728393095340753093687745319162297696226716929028037685625233863381
49722893422430996043202119440262051155559072
36604891959285277600175582694521297577571263300510754580024452
628895203015107972204266889639613859962020601625102585628296293795849181536255768931693758
880585248994970124751350625596481679320184266285669034285765368254696459473537
85182471733725718749896074882664727683
649657652589990317250496228586239167
47506683580041006370911148195798353899195
377619349270070353423880400359751963262493463251449362039582120
9559713932320519391203676151414738095836747658218647152008861819359830354793356051523077668289
1734916271585386142489046143592226318120706238923667412741042967902855382274
998335765275283876065806043920483739143555605891929953697952316444103772866092923
369221426916733799086461549041468434726508473035
23520818306015773301622378121
389211570969895595865068842682530456994434197409376696893110699
1543376620279833106053936418780920743439646776881334150656814628218662611380761435182590064971
79469303123782814329315371120710874179752666
12326706822502086957883650401079668155
373987779
625926155045984475026046255862111010311267209112680321239166371377788766723461409464891075660976
78344771847
2333880779271333070230658399018251612249574924599417
4823653
782715183221800198130168857179383075844131145492695481668449072302290815689081775
4738055604481252110666905294333873067
91558384659464696454485232512023865614877180172797205752364598825127615734267
458703328754823094738339292988
65743185992028757462260163118577487498734256131657
7991852484010668959941787716523044487028972960549640736845
201188069778837889281262111187644576915581877157428122247919773443657442317328
46252093833603081791479733790496499400542808383729307448615492
410003331293021649526250968637637345860729008913913399449588832040
0